params->uhf = 1
params->tol= 0.000000001
params->aElecs= 1
params->bElecs= 1
iters = 0
doing uhf
bIndex for upB = 0
errNorm = 0.004170039
bIndex for upB = 0
errNorm = 0.006133212
iters = 1
doing uhf
bIndex for upB = 1
errNorm = 0.018963920
bIndex for upB = 1
errNorm = 0.026255941
iters = 2
doing uhf
bIndex for upB = 2
errNorm = 0.012195240
bIndex for upB = 2
errNorm = 0.019336978
iters = 3
doing uhf
bIndex for upB = 3
errNorm = 0.137054577
bIndex for upB = 3
errNorm = 0.149802115
iters = 4
doing uhf
bIndex for upB = 4
errNorm = 0.027845145
bIndex for upB = 4
errNorm = 0.032700837
iters = 5
doing uhf
bIndex for upB = 5
errNorm = 0.848743991
bIndex for upB = 5
errNorm = 0.843790632
iters = 6
doing uhf
bIndex for upB = 6
errNorm = 0.024799869
bIndex for upB = 6
errNorm = 0.025591402
iters = 7
doing uhf
bIndex for upB = 7
errNorm = 1.324690561
bIndex for upB = 7
errNorm = 1.330451411
iters = 8
doing uhf
bIndex for upB = 0
errNorm = 0.006594814
current Fock matrix: 
-0.6374   -0.3543   
-0.3543   -0.5956   
current density matrix: 
0.4232   0.2884   
0.2884   0.1965   
current error matrix: 
-0.0261   0.0314   
-0.0692   0.0118   
new B = 
0.0066   -0.0112   0.0090   -0.0301   0.0136   -0.0748   0.0128   -0.0935   1.0000   
-0.0112   0.0190   -0.0152   0.0510   -0.0230   0.1269   -0.0217   0.1585   1.0000   
0.0090   -0.0152   0.0122   -0.0409   0.0184   -0.1017   0.0174   -0.1271   1.0000   
-0.0301   0.0510   -0.0409   0.1371   -0.0618   0.3411   -0.0583   0.4261   1.0000   
0.0136   -0.0230   0.0184   -0.0618   0.0278   -0.1537   0.0263   -0.1921   1.0000   
-0.0748   0.1269   -0.1017   0.3411   -0.1537   0.8487   -0.1451   1.0603   1.0000   
0.0128   -0.0217   0.0174   -0.0583   0.0263   -0.1451   0.0248   -0.1813   1.0000   
-0.0935   0.1585   -0.1271   0.4261   -0.1921   1.0603   -0.1813   1.3247   1.0000   
1.0000   1.0000   1.0000   1.0000   1.0000   1.0000   1.0000   1.0000   0.0000   
solved coeffs matrix is 
3.1606   
0.9836   
0.3335   
-0.2366   
-0.0090   
-0.2631   
-2.9834   
0.0145   
-0.0000   
fockArr[0] is 
-0.6374   -0.3543   
-0.3543   -0.5956   
fockArr[1] is 
-0.9130   -0.6160   
-0.6160   -0.6615   
fockArr[2] is 
-0.7866   -0.4808   
-0.4808   -0.6117   
fockArr[3] is 
-0.9773   -0.7031   
-0.7031   -0.7109   
fockArr[4] is 
-0.7394   -0.4308   
-0.4308   -0.5935   
fockArr[5] is 
-1.1144   -0.9099   
-0.9099   -0.8439   
fockArr[6] is 
-0.6814   -0.3799   
-0.3799   -0.5850   
fockArr[7] is 
-1.2578   -1.1878   
-1.1878   -1.0633   
F after DIIS
-0.6292   -0.3603   
-0.3603   -0.6116   


bIndex for upB = 0
errNorm = 0.007905536
current Fock matrix: 
-0.5919   -0.3543   
-0.3543   -0.6410   
current density matrix: 
0.2006   0.2895   
0.2895   0.4177   
current error matrix: 
0.0285   -0.0343   
0.0758   -0.0129   
new B = 
0.0079   -0.0144   0.0124   -0.0344   0.0161   -0.0817   0.0142   -0.1026   1.0000   
-0.0144   0.0263   -0.0225   0.0627   -0.0293   0.1488   -0.0259   0.1869   1.0000   
0.0124   -0.0225   0.0193   -0.0538   0.0251   -0.1277   0.0222   -0.1604   1.0000   
-0.0344   0.0627   -0.0538   0.1498   -0.0700   0.3555   -0.0619   0.4464   1.0000   
0.0161   -0.0293   0.0251   -0.0700   0.0327   -0.1661   0.0289   -0.2086   1.0000   
-0.0817   0.1488   -0.1277   0.3555   -0.1661   0.8438   -0.1469   1.0595   1.0000   
0.0142   -0.0259   0.0222   -0.0619   0.0289   -0.1469   0.0256   -0.1845   1.0000   
-0.1026   0.1869   -0.1604   0.4464   -0.2086   1.0595   -0.1845   1.3305   1.0000   
1.0000   1.0000   1.0000   1.0000   1.0000   1.0000   1.0000   1.0000   0.0000   
solved coeffs matrix is 
-0.0377   
0.2347   
0.5864   
0.2366   
-1.2227   
0.1053   
1.2448   
-0.1475   
-0.0000   
fockArr[0] is 
-0.5919   -0.3543   
-0.3543   -0.6410   
fockArr[1] is 
-0.6699   -0.6158   
-0.6158   -0.9046   
fockArr[2] is 
-0.5996   -0.4810   
-0.4810   -0.7987   
fockArr[3] is 
-0.7152   -0.7028   
-0.7028   -0.9729   
fockArr[4] is 
-0.5873   -0.4309   
-0.4309   -0.7456   
fockArr[5] is 
-0.8449   -0.9100   
-0.9100   -1.1135   
fockArr[6] is 
-0.5838   -0.3799   
-0.3799   -0.6825   
fockArr[7] is 
-1.0676   -1.1879   
-1.1879   -1.2536   
F after DIIS
-0.5960   -0.4462   
-0.4462   -0.7571   


iters = 9
doing uhf
bIndex for upB = 1
errNorm = 0.787355840
current Fock matrix: 
-1.3818   -1.0753   
-1.0753   -0.7956   
current density matrix: 
1.5522   -1.4595   
-1.4595   1.3723   
current error matrix: 
0.2847   -0.3428   
0.7564   -0.1290   
new B = 
0.0066   -0.0721   0.0090   -0.0301   0.0136   -0.0748   0.0128   -0.0935   1.0000   
-0.0721   0.7874   -0.0980   0.3285   -0.1481   0.8175   -0.1397   1.0213   1.0000   
0.0090   -0.0980   0.0122   -0.0409   0.0184   -0.1017   0.0174   -0.1271   1.0000   
-0.0301   0.3285   -0.0409   0.1371   -0.0618   0.3411   -0.0583   0.4261   1.0000   
0.0136   -0.1481   0.0184   -0.0618   0.0278   -0.1537   0.0263   -0.1921   1.0000   
-0.0748   0.8175   -0.1017   0.3411   -0.1537   0.8487   -0.1451   1.0603   1.0000   
0.0128   -0.1397   0.0174   -0.0583   0.0263   -0.1451   0.0248   -0.1813   1.0000   
-0.0935   1.0213   -0.1271   0.4261   -0.1921   1.0603   -0.1813   1.3247   1.0000   
1.0000   1.0000   1.0000   1.0000   1.0000   1.0000   1.0000   1.0000   0.0000   
solved coeffs matrix is 
-1.7984   
-0.1683   
1.5244   
-0.4048   
1.6811   
0.2217   
-0.3530   
0.2973   
-0.0000   
fockArr[0] is 
-0.6374   -0.3543   
-0.3543   -0.5956   
fockArr[1] is 
-1.3818   -1.0753   
-1.0753   -0.7956   
fockArr[2] is 
-0.7866   -0.4808   
-0.4808   -0.6117   
fockArr[3] is 
-0.9773   -0.7031   
-0.7031   -0.7109   
fockArr[4] is 
-0.7394   -0.4308   
-0.4308   -0.5935   
fockArr[5] is 
-1.1144   -0.9099   
-0.9099   -0.8439   
fockArr[6] is 
-0.6814   -0.3799   
-0.3799   -0.5850   
fockArr[7] is 
-1.2578   -1.1878   
-1.1878   -1.0633   
F after DIIS
-1.0480   -0.7752   
-0.7752   -0.7342   


bIndex for upB = 1
errNorm = 1.468273183
current Fock matrix: 
-1.2287   -1.0827   
-1.0827   -0.9520   
current density matrix: 
0.2176   -0.5803   
-0.5803   1.5476   
current error matrix: 
-0.3888   0.4681   
-1.0330   0.1762   
new B = 
0.0079   -0.1077   0.0124   -0.0344   0.0161   -0.0817   0.0142   -0.1026   1.0000   
-0.1077   1.4683   -0.1685   0.4690   -0.2191   1.1131   -0.1938   1.3977   1.0000   
0.0124   -0.1685   0.0193   -0.0538   0.0251   -0.1277   0.0222   -0.1604   1.0000   
-0.0344   0.4690   -0.0538   0.1498   -0.0700   0.3555   -0.0619   0.4464   1.0000   
0.0161   -0.2191   0.0251   -0.0700   0.0327   -0.1661   0.0289   -0.2086   1.0000   
-0.0817   1.1131   -0.1277   0.3555   -0.1661   0.8438   -0.1469   1.0595   1.0000   
0.0142   -0.1938   0.0222   -0.0619   0.0289   -0.1469   0.0256   -0.1845   1.0000   
1.0000   1.3977   -0.1604   0.4464   -0.2086   1.0595   -0.1845   1.3305   1.0000   
1.0000   1.0000   1.0000   1.0000   1.0000   1.0000   1.0000   1.0000   0.0000   
solved coeffs matrix is 
-0.0000   
0.1170   
-0.7100   
-0.2912   
0.9149   
-0.2126   
0.8606   
0.3214   
0.0000   
fockArr[0] is 
-0.5919   -0.3543   
-0.3543   -0.6410   
fockArr[1] is 
-1.2287   -1.0827   
-1.0827   -0.9520   
fockArr[2] is 
-0.5996   -0.4810   
-0.4810   -0.7987   
fockArr[3] is 
-0.7152   -0.7028   
-0.7028   -0.9729   
fockArr[4] is 
-0.5873   -0.4309   
-0.4309   -0.7456   
fockArr[5] is 
-0.8449   -0.9100   
-0.9100   -1.1135   
fockArr[6] is 
-0.5838   -0.3799   
-0.3799   -0.6825   
fockArr[7] is 
-1.0676   -1.1879   
-1.1879   -1.2536   
F after DIIS
-0.7129   -0.4898   
-0.4898   -0.6966   


iters = 10
doing uhf
bIndex for upB = 2
errNorm = 0.095006488
current Fock matrix: 
-0.4694   -0.3914   
-0.3914   -0.8125   
current density matrix: 
0.7446   0.1657   
0.1657   0.0369   
current error matrix: 
0.0989   -0.1191   
0.2628   -0.0448   
new B = 
0.0066   -0.0721   -0.0250   -0.0301   0.0136   -0.0748   0.0128   -0.0935   1.0000   
-0.0721   0.7874   0.2735   0.3285   -0.1481   0.8175   -0.1397   1.0213   1.0000   
-0.0250   0.2735   0.0950   0.1141   -0.0514   0.2840   -0.0485   0.3548   1.0000   
-0.0301   0.3285   0.1141   0.1371   -0.0618   0.3411   -0.0583   0.4261   1.0000   
0.0136   -0.1481   -0.0514   -0.0618   0.0278   -0.1537   0.0263   -0.1921   1.0000   
-0.0748   0.8175   0.2840   0.3411   -0.1537   0.8487   -0.1451   1.0603   1.0000   
0.0128   -0.1397   -0.0485   -0.0583   0.0263   -0.1451   0.0248   -0.1813   1.0000   
-0.0935   1.0213   0.3548   0.4261   -0.1921   1.0603   -0.1813   1.3247   1.0000   
1.0000   1.0000   1.0000   1.0000   1.0000   1.0000   1.0000   1.0000   0.0000   
solved coeffs matrix is 
-1.2836   
-0.1221   
0.1194   
0.0204   
1.0001   
0.1747   
0.9860   
0.1051   
0.0000   
fockArr[0] is 
-0.6374   -0.3543   
-0.3543   -0.5956   
fockArr[1] is 
-1.3818   -1.0753   
-1.0753   -0.7956   
fockArr[2] is 
-0.4694   -0.3914   
-0.3914   -0.8125   
fockArr[3] is 
-0.9773   -0.7031   
-0.7031   -0.7109   
fockArr[4] is 
-0.7394   -0.4308   
-0.4308   -0.5935   
fockArr[5] is 
-1.1144   -0.9099   
-0.9099   -0.8439   
fockArr[6] is 
-0.6814   -0.3799   
-0.3799   -0.5850   
fockArr[7] is 
-1.2578   -1.1878   
-1.1878   -1.0633   
F after DIIS
-0.8273   -0.5642   
-0.5642   -0.6794   


bIndex for upB = 2
errNorm = 0.241218927
current Fock matrix: 
-0.4293   -0.3924   
-0.3924   -0.8530   
current density matrix: 
0.4750   0.2763   
0.2763   0.1607   
current error matrix: 
0.1576   -0.1897   
0.4187   -0.0714   
new B = 
0.0079   -0.1077   0.0437   -0.0344   0.0161   -0.0817   0.0142   -0.1026   1.0000   
-0.1077   1.4683   -0.5951   0.4690   -0.2191   1.1131   -0.1938   1.3977   1.0000   
0.0437   -0.5951   0.2412   -0.1901   0.0888   -0.4512   0.0786   -0.5665   1.0000   
-0.0344   0.4690   -0.1901   0.1498   -0.0700   0.3555   -0.0619   0.4464   1.0000   
0.0161   -0.2191   0.0888   -0.0700   0.0327   -0.1661   0.0289   -0.2086   1.0000   
-0.0817   1.1131   -0.4512   0.3555   -0.1661   0.8438   -0.1469   1.0595   1.0000   
0.0142   -0.1938   0.0786   -0.0619   0.0289   -0.1469   0.0256   -0.1845   1.0000   
1.0000   1.3977   -0.5665   0.4464   -0.2086   1.0595   -0.1845   1.3305   1.0000   
1.0000   1.0000   1.0000   1.0000   1.0000   1.0000   1.0000   1.0000   0.0000   
solved coeffs matrix is 
0.0000   
0.0999   
-0.1800   
0.7201   
-0.0000   
-0.1800   
0.7201   
-0.1800   
-0.0000   
fockArr[0] is 
-0.5919   -0.3543   
-0.3543   -0.6410   
fockArr[1] is 
-1.2287   -1.0827   
-1.0827   -0.9520   
fockArr[2] is 
-0.4293   -0.3924   
-0.3924   -0.8530   
fockArr[3] is 
-0.7152   -0.7028   
-0.7028   -0.9729   
fockArr[4] is 
-0.5873   -0.4309   
-0.4309   -0.7456   
fockArr[5] is 
-0.8449   -0.9100   
-0.9100   -1.1135   
fockArr[6] is 
-0.5838   -0.3799   
-0.3799   -0.6825   
fockArr[7] is 
-1.0676   -1.1879   
-1.1879   -1.2536   
F after DIIS
-0.6366   -0.4395   
-0.4395   -0.7075   


iters = 11
doing uhf
bIndex for upB = 3
errNorm = 0.009273624
current Fock matrix: 
-1.0298   -0.6840   
-0.6840   -0.6308   
current density matrix: 
0.8571   0.0996   
0.0996   0.0116   
current error matrix: 
-0.0309   0.0372   
-0.0821   0.0140   
new B = 
0.0066   -0.0721   -0.0250   0.0078   0.0136   -0.0748   0.0128   -0.0935   1.0000   
-0.0721   0.7874   0.2735   -0.0854   -0.1481   0.8175   -0.1397   1.0213   1.0000   
-0.0250   0.2735   0.0950   -0.0297   -0.0514   0.2840   -0.0485   0.3548   1.0000   
0.0078   -0.0854   -0.0297   0.0093   0.0161   -0.0887   0.0152   -0.1108   1.0000   
0.0136   -0.1481   -0.0514   0.0161   0.0278   -0.1537   0.0263   -0.1921   1.0000   
-0.0748   0.8175   0.2840   -0.0887   -0.1537   0.8487   -0.1451   1.0603   1.0000   
0.0128   -0.1397   -0.0485   0.0152   0.0263   -0.1451   0.0248   -0.1813   1.0000   
-0.0935   1.0213   0.3548   -0.1108   -0.1921   1.0603   -0.1813   1.3247   1.0000   
1.0000   1.0000   1.0000   1.0000   1.0000   1.0000   1.0000   1.0000   0.0000   
solved coeffs matrix is 
-0.3028   
-0.0837   
0.0889   
0.1846   
0.4293   
0.1098   
0.4968   
0.0772   
0.0000   
fockArr[0] is 
-0.6374   -0.3543   
-0.3543   -0.5956   
fockArr[1] is 
-1.3818   -1.0753   
-1.0753   -0.7956   
fockArr[2] is 
-0.4694   -0.3914   
-0.3914   -0.8125   
fockArr[3] is 
-1.0298   -0.6840   
-0.6840   -0.6308   
fockArr[4] is 
-0.7394   -0.4308   
-0.4308   -0.5935   
fockArr[5] is 
-1.1144   -0.9099   
-0.9099   -0.8439   
fockArr[6] is 
-0.6814   -0.3799   
-0.3799   -0.5850   
fockArr[7] is 
-1.2578   -1.1878   
-1.1878   -1.0633   
F after DIIS
-0.7985   -0.5290   
-0.5290   -0.6618   


bIndex for upB = 3
errNorm = 0.192698343
current Fock matrix: 
-0.8066   -0.6773   
-0.6773   -0.8510   
current density matrix: 
0.3028   -0.7006   
-0.7006   1.6210   
current error matrix: 
-0.1408   0.1696   
-0.3742   0.0638   
new B = 
0.0079   -0.1077   0.0437   -0.0390   0.0161   -0.0817   0.0142   -0.1026   1.0000   
-0.1077   1.4683   -0.5951   0.5319   -0.2191   1.1131   -0.1938   1.3977   1.0000   
0.0437   -0.5951   0.2412   -0.2156   0.0888   -0.4512   0.0786   -0.5665   1.0000   
-0.0390   0.5319   -0.2156   0.1927   -0.0794   0.4032   -0.0702   0.5063   1.0000   
0.0161   -0.2191   0.0888   -0.0794   0.0327   -0.1661   0.0289   -0.2086   1.0000   
-0.0817   1.1131   -0.4512   0.4032   -0.1661   0.8438   -0.1469   1.0595   1.0000   
0.0142   -0.1938   0.0786   -0.0702   0.0289   -0.1469   0.0256   -0.1845   1.0000   
1.0000   1.3977   -0.5665   0.5063   -0.2086   1.0595   -0.1845   1.3305   1.0000   
1.0000   1.0000   1.0000   1.0000   1.0000   1.0000   1.0000   1.0000   0.0000   
solved coeffs matrix is 
-0.0000   
-0.2960   
0.0854   
0.5736   
0.2213   
0.3052   
0.1667   
-0.0562   
-0.0000   
fockArr[0] is 
-0.5919   -0.3543   
-0.3543   -0.6410   
fockArr[1] is 
-1.2287   -1.0827   
-1.0827   -0.9520   
fockArr[2] is 
-0.4293   -0.3924   
-0.3924   -0.8530   
fockArr[3] is 
-0.8066   -0.6773   
-0.6773   -0.8510   
fockArr[4] is 
-0.5873   -0.4309   
-0.4309   -0.7456   
fockArr[5] is 
-0.8449   -0.9100   
-0.9100   -1.1135   
fockArr[6] is 
-0.5838   -0.3799   
-0.3799   -0.6825   
fockArr[7] is 
-1.0676   -1.1879   
-1.1879   -1.2536   
F after DIIS
-0.5608   -0.4711   
-0.4711   -0.8273   


iters = 12
doing uhf
bIndex for upB = 4
errNorm = 0.001404642
current Fock matrix: 
-0.9838   -0.6400   
-0.6400   -0.6204   
current density matrix: 
0.9762   0.0178   
0.0178   0.0003   
current error matrix: 
-0.0120   0.0145   
-0.0319   0.0054   
new B = 
0.0066   -0.0721   -0.0250   0.0078   0.0030   -0.0748   0.0128   -0.0935   1.0000   
-0.0721   0.7874   0.2735   -0.0854   -0.0333   0.8175   -0.1397   1.0213   1.0000   
-0.0250   0.2735   0.0950   -0.0297   -0.0116   0.2840   -0.0485   0.3548   1.0000   
0.0078   -0.0854   -0.0297   0.0093   0.0036   -0.0887   0.0152   -0.1108   1.0000   
0.0030   -0.0333   -0.0116   0.0036   0.0014   -0.0345   0.0059   -0.0431   1.0000   
-0.0748   0.8175   0.2840   -0.0887   -0.0345   0.8487   -0.1451   1.0603   1.0000   
0.0128   -0.1397   -0.0485   0.0152   0.0059   -0.1451   0.0248   -0.1813   1.0000   
-0.0935   1.0213   0.3548   -0.1108   -0.0431   1.0603   -0.1813   1.3247   1.0000   
1.0000   1.0000   1.0000   1.0000   1.0000   1.0000   1.0000   1.0000   0.0000   
solved coeffs matrix is 
-94.8799   
-4.7675   
4.8436   
-34.5640   
100.1529   
0.2598   
30.0044   
-0.0493   
-0.0000   
fockArr[0] is 
-0.6374   -0.3543   
-0.3543   -0.5956   
fockArr[1] is 
-1.3818   -1.0753   
-1.0753   -0.7956   
fockArr[2] is 
-0.4694   -0.3914   
-0.3914   -0.8125   
fockArr[3] is 
-1.0298   -0.6840   
-0.6840   -0.6308   
fockArr[4] is 
-0.9838   -0.6400   
-0.6400   -0.6204   
fockArr[5] is 
-1.1144   -0.9099   
-0.9099   -0.8439   
fockArr[6] is 
-0.6814   -0.3799   
-0.3799   -0.5850   
fockArr[7] is 
-1.2578   -1.1878   
-1.1878   -1.0633   
F after DIIS
-18.8170   -15.1862   
-15.1862   -1.6900   


bIndex for upB = 4
errNorm = 0.113718877
current Fock matrix: 
-0.7479   -0.6359   
-0.6359   -0.8545   
current density matrix: 
0.1473   -0.4646   
-0.4646   1.4653   
current error matrix: 
-0.1082   0.1303   
-0.2875   0.0490   
new B = 
0.0079   -0.1077   0.0437   -0.0390   -0.0300   -0.0817   0.0142   -0.1026   1.0000   
-0.1077   1.4683   -0.5951   0.5319   0.4086   1.1131   -0.1938   1.3977   1.0000   
0.0437   -0.5951   0.2412   -0.2156   -0.1656   -0.4512   0.0786   -0.5665   1.0000   
-0.0390   0.5319   -0.2156   0.1927   0.1480   0.4032   -0.0702   0.5063   1.0000   
-0.0300   0.4086   -0.1656   0.1480   0.1137   0.3098   -0.0539   0.3890   1.0000   
-0.0817   1.1131   -0.4512   0.4032   0.3098   0.8438   -0.1469   1.0595   1.0000   
0.0142   -0.1938   0.0786   -0.0702   -0.0539   -0.1469   0.0256   -0.1845   1.0000   
1.0000   1.3977   -0.5665   0.5063   0.3890   1.0595   -0.1845   1.3305   1.0000   
1.0000   1.0000   1.0000   1.0000   1.0000   1.0000   1.0000   1.0000   0.0000   
solved coeffs matrix is 
-0.0000   
-0.1373   
0.3341   
-0.0903   
0.3719   
0.2866   
0.2204   
0.0145   
-0.0000   
fockArr[0] is 
-0.5919   -0.3543   
-0.3543   -0.6410   
fockArr[1] is 
-1.2287   -1.0827   
-1.0827   -0.9520   
fockArr[2] is 
-0.4293   -0.3924   
-0.3924   -0.8530   
fockArr[3] is 
-0.8066   -0.6773   
-0.6773   -0.8510   
fockArr[4] is 
-0.7479   -0.6359   
-0.6359   -0.8545   
fockArr[5] is 
-0.8449   -0.9100   
-0.9100   -1.1135   
fockArr[6] is 
-0.5838   -0.3799   
-0.3799   -0.6825   
fockArr[7] is 
-1.0676   -1.1879   
-1.1879   -1.2536   
F after DIIS
-0.5664   -0.5196   
-0.5196   -0.8830   


iters = 13
doing uhf
bIndex for upB = 5
errNorm = 0.057983472
current Fock matrix: 
-0.9418   -0.5633   
-0.5633   -0.5626   
current density matrix: 
0.8249   0.1196   
0.1196   0.0174   
current error matrix: 
-0.0773   0.0930   
-0.2053   0.0350   
new B = 
0.0066   -0.0721   -0.0250   0.0078   0.0030   0.0196   0.0128   -0.0935   1.0000   
-0.0721   0.7874   0.2735   -0.0854   -0.0333   -0.2137   -0.1397   1.0213   1.0000   
-0.0250   0.2735   0.0950   -0.0297   -0.0116   -0.0742   -0.0485   0.3548   1.0000   
0.0078   -0.0854   -0.0297   0.0093   0.0036   0.0232   0.0152   -0.1108   1.0000   
0.0030   -0.0333   -0.0116   0.0036   0.0014   0.0090   0.0059   -0.0431   1.0000   
0.0196   -0.2137   -0.0742   0.0232   0.0090   0.0580   0.0379   -0.2771   1.0000   
0.0128   -0.1397   -0.0485   0.0152   0.0059   0.0379   0.0248   -0.1813   1.0000   
-0.0935   1.0213   0.3548   -0.1108   -0.0431   -0.2771   -0.1813   1.3247   1.0000   
1.0000   1.0000   1.0000   1.0000   1.0000   1.0000   1.0000   1.0000   0.0000   
solved coeffs matrix is 
1.2589   
0.0172   
0.1930   
1.3817   
-1.5872   
-0.2987   
0.0086   
0.0265   
0.0000   
fockArr[0] is 
-0.6374   -0.3543   
-0.3543   -0.5956   
fockArr[1] is 
-1.3818   -1.0753   
-1.0753   -0.7956   
fockArr[2] is 
-0.4694   -0.3914   
-0.3914   -0.8125   
fockArr[3] is 
-1.0298   -0.6840   
-0.6840   -0.6308   
fockArr[4] is 
-0.9838   -0.6400   
-0.6400   -0.6204   
fockArr[5] is 
-0.9418   -0.5633   
-0.5633   -0.5626   
fockArr[6] is 
-0.6814   -0.3799   
-0.3799   -0.5850   
fockArr[7] is 
-1.2578   -1.1878   
-1.1878   -1.0633   
F after DIIS
-0.5360   -0.3358   
-0.3358   -0.6722   


bIndex for upB = 5
errNorm = 0.033971343
current Fock matrix: 
-0.7297   -0.5598   
-0.5598   -0.7731   
current density matrix: 
0.0640   -0.2905   
-0.2905   1.3191   
current error matrix: 
-0.0591   0.0712   
-0.1571   0.0268   
new B = 
0.0079   -0.1077   0.0437   -0.0390   -0.0300   -0.0164   0.0142   -0.1026   1.0000   
-0.1077   1.4683   -0.5951   0.5319   0.4086   0.2233   -0.1938   1.3977   1.0000   
0.0437   -0.5951   0.2412   -0.2156   -0.1656   -0.0905   0.0786   -0.5665   1.0000   
-0.0390   0.5319   -0.2156   0.1927   0.1480   0.0809   -0.0702   0.5063   1.0000   
-0.0300   0.4086   -0.1656   0.1480   0.1137   0.0622   -0.0539   0.3890   1.0000   
-0.0164   0.2233   -0.0905   0.0809   0.0622   0.0340   -0.0295   0.2126   1.0000   
0.0142   -0.1938   0.0786   -0.0702   -0.0539   -0.0295   0.0256   -0.1845   1.0000   
1.0000   1.3977   -0.5665   0.5063   0.3890   0.2126   -0.1845   1.3305   1.0000   
1.0000   1.0000   1.0000   1.0000   1.0000   1.0000   1.0000   1.0000   0.0000   
solved coeffs matrix is 
0.0000   
-0.0228   
0.1663   
0.0264   
0.3495   
0.2606   
0.2452   
-0.0251   
0.0000   
fockArr[0] is 
-0.5919   -0.3543   
-0.3543   -0.6410   
fockArr[1] is 
-1.2287   -1.0827   
-1.0827   -0.9520   
fockArr[2] is 
-0.4293   -0.3924   
-0.3924   -0.8530   
fockArr[3] is 
-0.8066   -0.6773   
-0.6773   -0.8510   
fockArr[4] is 
-0.7479   -0.6359   
-0.6359   -0.8545   
fockArr[5] is 
-0.7297   -0.5598   
-0.5598   -0.7731   
fockArr[6] is 
-0.5838   -0.3799   
-0.3799   -0.6825   
fockArr[7] is 
-1.0676   -1.1879   
-1.1879   -1.2536   
F after DIIS
-0.6325   -0.4899   
-0.4899   -0.7786   


iters = 14
doing uhf
bIndex for upB = 6
errNorm = 0.045715575
current Fock matrix: 
-1.3933   -0.9217   
-0.9217   -0.5842   
current density matrix: 
0.9141   -1.2673   
-1.2673   1.7570   
current error matrix: 
0.0686   -0.0826   
0.1823   -0.0311   
new B = 
0.0066   -0.0721   -0.0250   0.0078   0.0030   0.0196   -0.0174   -0.0935   1.0000   
-0.0721   0.7874   0.2735   -0.0854   -0.0333   -0.2137   0.1897   1.0213   1.0000   
-0.0250   0.2735   0.0950   -0.0297   -0.0116   -0.0742   0.0659   0.3548   1.0000   
0.0078   -0.0854   -0.0297   0.0093   0.0036   0.0232   -0.0206   -0.1108   1.0000   
0.0030   -0.0333   -0.0116   0.0036   0.0014   0.0090   -0.0080   -0.0431   1.0000   
0.0196   -0.2137   -0.0742   0.0232   0.0090   0.0580   -0.0515   -0.2771   1.0000   
-0.0174   0.1897   0.0659   -0.0206   -0.0080   -0.0515   0.0457   0.2461   1.0000   
-0.0935   1.0213   0.3548   -0.1108   -0.0431   -0.2771   0.2461   1.3247   1.0000   
1.0000   1.0000   1.0000   1.0000   1.0000   1.0000   1.0000   1.0000   0.0000   
solved coeffs matrix is 
1.0554   
0.0427   
0.0166   
0.7568   
-0.7428   
-0.3424   
0.2568   
-0.0431   
0.0000   
fockArr[0] is 
-0.6374   -0.3543   
-0.3543   -0.5956   
fockArr[1] is 
-1.3818   -1.0753   
-1.0753   -0.7956   
fockArr[2] is 
-0.4694   -0.3914   
-0.3914   -0.8125   
fockArr[3] is 
-1.0298   -0.6840   
-0.6840   -0.6308   
fockArr[4] is 
-0.9838   -0.6400   
-0.6400   -0.6204   
fockArr[5] is 
-0.9418   -0.5633   
-0.5633   -0.5626   
fockArr[6] is 
-1.3933   -0.9217   
-0.9217   -0.5842   
fockArr[7] is 
-1.2578   -1.1878   
-1.1878   -1.0633   
F after DIIS
-0.7692   -0.4612   
-0.4612   -0.6041   


bIndex for upB = 6
errNorm = 1.483241976
current Fock matrix: 
-1.3574   -0.9306   
-0.9306   -0.6241   
current density matrix: 
0.0388   -0.2203   
-0.2203   1.2517   
current error matrix: 
-0.3907   0.4704   
-1.0382   0.1770   
new B = 
0.0079   -0.1077   0.0437   -0.0390   -0.0300   -0.0164   -0.1083   -0.1026   1.0000   
-0.1077   1.4683   -0.5951   0.5319   0.4086   0.2233   1.4757   1.3977   1.0000   
0.0437   -0.5951   0.2412   -0.2156   -0.1656   -0.0905   -0.5982   -0.5665   1.0000   
-0.0390   0.5319   -0.2156   0.1927   0.1480   0.0809   0.5346   0.5063   1.0000   
-0.0300   0.4086   -0.1656   0.1480   0.1137   0.0622   0.4107   0.3890   1.0000   
-0.0164   0.2233   -0.0905   0.0809   0.0622   0.0340   0.2245   0.2126   1.0000   
-0.1083   1.4757   -0.5982   0.5346   0.4107   0.2245   1.4832   1.4048   1.0000   
1.0000   1.3977   -0.5665   0.5063   0.3890   0.2126   1.4048   1.3305   1.0000   
1.0000   1.0000   1.0000   1.0000   1.0000   1.0000   1.0000   1.0000   0.0000   
solved coeffs matrix is 
-0.0000   
0.0311   
0.2389   
-0.0042   
-0.2156   
0.9721   
0.0101   
-0.0323   
0.0000   
fockArr[0] is 
-0.5919   -0.3543   
-0.3543   -0.6410   
fockArr[1] is 
-1.2287   -1.0827   
-1.0827   -0.9520   
fockArr[2] is 
-0.4293   -0.3924   
-0.3924   -0.8530   
fockArr[3] is 
-0.8066   -0.6773   
-0.6773   -0.8510   
fockArr[4] is 
-0.7479   -0.6359   
-0.6359   -0.8545   
fockArr[5] is 
-0.7297   -0.5598   
-0.5598   -0.7731   
fockArr[6] is 
-1.3574   -0.9306   
-0.9306   -0.6241   
fockArr[7] is 
-1.0676   -1.1879   
-1.1879   -1.2536   
F after DIIS
-0.6646   -0.5027   
-0.5027   -0.7629   


iters = 15
doing uhf
bIndex for upB = 7
errNorm = 0.119235702
current Fock matrix: 
-0.8650   -0.6416   
-0.6416   -0.7446   
current density matrix: 
1.4644   -0.4634   
-0.4634   0.1466   
current error matrix: 
0.1108   -0.1334   
0.2944   -0.0502   
new B = 
0.0066   -0.0721   -0.0250   0.0078   0.0030   0.0196   -0.0174   -0.0280   1.0000   
-0.0721   0.7874   0.2735   -0.0854   -0.0333   -0.2137   0.1897   0.3064   1.0000   
-0.0250   0.2735   0.0950   -0.0297   -0.0116   -0.0742   0.0659   0.1064   1.0000   
0.0078   -0.0854   -0.0297   0.0093   0.0036   0.0232   -0.0206   -0.0333   1.0000   
0.0030   -0.0333   -0.0116   0.0036   0.0014   0.0090   -0.0080   -0.0129   1.0000   
0.0196   -0.2137   -0.0742   0.0232   0.0090   0.0580   -0.0515   -0.0831   1.0000   
-0.0174   0.1897   0.0659   -0.0206   -0.0080   -0.0515   0.0457   0.0738   1.0000   
-0.0280   0.3064   0.1064   -0.0333   -0.0129   -0.0831   0.0738   0.1192   1.0000   
1.0000   1.0000   1.0000   1.0000   1.0000   1.0000   1.0000   1.0000   0.0000   
solved coeffs matrix is 
0.3234   
0.0086   
-0.2138   
0.9757   
-0.8633   
0.0735   
0.5814   
0.1145   
-0.0000   
fockArr[0] is 
-0.6374   -0.3543   
-0.3543   -0.5956   
fockArr[1] is 
-1.3818   -1.0753   
-1.0753   -0.7956   
fockArr[2] is 
-0.4694   -0.3914   
-0.3914   -0.8125   
fockArr[3] is 
-1.0298   -0.6840   
-0.6840   -0.6308   
fockArr[4] is 
-0.9838   -0.6400   
-0.6400   -0.6204   
fockArr[5] is 
-0.9418   -0.5633   
-0.5633   -0.5626   
fockArr[6] is 
-1.3933   -0.9217   
-0.9217   -0.5842   
fockArr[7] is 
-0.8650   -0.6416   
-0.6416   -0.7446   
F after DIIS
-1.2514   -0.8058   
-0.8058   -0.5718   


bIndex for upB = 7
errNorm = 0.000019971
current Fock matrix: 
-0.6280   -0.6454   
-0.6454   -0.9835   
current density matrix: 
0.0000   -0.0034   
-0.0034   1.0044   
current error matrix: 
0.0014   -0.0017   
0.0038   -0.0006   
new B = 
0.0079   -0.1077   0.0437   -0.0390   -0.0300   -0.0164   -0.1083   0.0004   1.0000   
-0.1077   1.4683   -0.5951   0.5319   0.4086   0.2233   1.4757   -0.0054   1.0000   
0.0437   -0.5951   0.2412   -0.2156   -0.1656   -0.0905   -0.5982   0.0022   1.0000   
-0.0390   0.5319   -0.2156   0.1927   0.1480   0.0809   0.5346   -0.0020   1.0000   
-0.0300   0.4086   -0.1656   0.1480   0.1137   0.0622   0.4107   -0.0015   1.0000   
-0.0164   0.2233   -0.0905   0.0809   0.0622   0.0340   0.2245   -0.0008   1.0000   
-0.1083   1.4757   -0.5982   0.5346   0.4107   0.2245   1.4832   -0.0054   1.0000   
0.0004   -0.0054   0.0022   -0.0020   -0.0015   -0.0008   -0.0054   0.0003   1.0000   
1.0000   1.0000   1.0000   1.0000   1.0000   1.0000   1.0000   1.0000   0.0000   
solved coeffs matrix is 
4328882215742672.0000   
380634851162500.0625   
-819046446418291.1250   
-819046446418291.1250   
-1228569669627437.0000   
-2457139339254873.0000   
614284834813718.2500   
2.5461   
-0.0000   
fockArr[0] is 
-0.5919   -0.3543   
-0.3543   -0.6410   
fockArr[1] is 
-1.2287   -1.0827   
-1.0827   -0.9520   
fockArr[2] is 
-0.4293   -0.3924   
-0.3924   -0.8530   
fockArr[3] is 
-0.8066   -0.6773   
-0.6773   -0.8510   
fockArr[4] is 
-0.7479   -0.6359   
-0.6359   -0.8545   
fockArr[5] is 
-0.7297   -0.5598   
-0.5598   -0.7731   
fockArr[6] is 
-1.3574   -0.9306   
-0.9306   -0.6241   
fockArr[7] is 
-0.6280   -0.6454   
-0.6454   -0.9835   
F after DIIS
-140102560056622.0938   515575617374615.5000   
515575617374615.2500   824487845118106.8750   


iters = 16
doing uhf
maxDiagElt of B = 0.787356
bIndex for upB = 1
errNorm = 1.435696750
current Fock matrix: 
-0.5431   -0.8417   
-0.8417   -1.3222   
current density matrix: 
1.0388   -0.0301   
-0.0301   0.0009   
current error matrix: 
0.3844   -0.4628   
1.0214   -0.1742   
new B = 
0.0066   -0.0973   -0.0250   0.0078   0.0030   0.0196   -0.0174   -0.0280   1.0000   
-0.0973   1.4357   0.3693   -0.1154   -0.0449   -0.2885   0.2562   0.4137   1.0000   
-0.0250   0.3693   0.0950   -0.0297   -0.0116   -0.0742   0.0659   0.1064   1.0000   
0.0078   -0.1154   -0.0297   0.0093   0.0036   0.0232   -0.0206   -0.0333   1.0000   
0.0030   -0.0449   -0.0116   0.0036   0.0014   0.0090   -0.0080   -0.0129   1.0000   
0.0196   -0.2885   -0.0742   0.0232   0.0090   0.0580   -0.0515   -0.0831   1.0000   
-0.0174   0.2562   0.0659   -0.0206   -0.0080   -0.0515   0.0457   0.0738   1.0000   
-0.0280   0.4137   0.1064   -0.0333   -0.0129   -0.0831   0.0738   0.1192   1.0000   
1.0000   1.0000   1.0000   1.0000   1.0000   1.0000   1.0000   1.0000   0.0000   
solved coeffs matrix is 
-0.3486   
0.0423   
0.0893   
0.0450   
1.1530   
0.1284   
-0.0745   
-0.0350   
0.0000   
fockArr[0] is 
-0.6374   -0.3543   
-0.3543   -0.5956   
fockArr[1] is 
-0.5431   -0.8417   
-0.8417   -1.3222   
fockArr[2] is 
-0.4694   -0.3914   
-0.3914   -0.8125   
fockArr[3] is 
-1.0298   -0.6840   
-0.6840   -0.6308   
fockArr[4] is 
-0.9838   -0.6400   
-0.6400   -0.6204   
fockArr[5] is 
-0.9418   -0.5633   
-0.5633   -0.5626   
fockArr[6] is 
-1.3933   -0.9217   
-0.9217   -0.5842   
fockArr[7] is 
-0.8650   -0.6416   
-0.6416   -0.7446   
F after DIIS
-1.0103   -0.6970   
-0.6970   -0.6673   


maxDiagElt of B = 1.483242
bIndex for upB = 6
errNorm = 0.001583883
current Fock matrix: 
-0.5411   -0.8323   
-0.8323   -1.3200   
current density matrix: 
1.7681   -1.1355   
-1.1355   0.7293   
current error matrix: 
-0.0128   0.0154   
-0.0339   0.0058   
new B = 
0.0079   -0.1077   0.0437   -0.0390   -0.0300   -0.0164   -0.0035   0.0004   1.0000   
-0.1077   1.4683   -0.5951   0.5319   0.4086   0.2233   0.0482   -0.0054   1.0000   
0.0437   -0.5951   0.2412   -0.2156   -0.1656   -0.0905   -0.0195   0.0022   1.0000   
-0.0390   0.5319   -0.2156   0.1927   0.1480   0.0809   0.0175   -0.0020   1.0000   
-0.0300   0.4086   -0.1656   0.1480   0.1137   0.0622   0.0134   -0.0015   1.0000   
-0.0164   0.2233   -0.0905   0.0809   0.0622   0.0340   0.0073   -0.0008   1.0000   
-0.0035   0.0482   -0.0195   0.0175   0.0134   0.0073   0.0016   -0.0002   1.0000   
1.0000   -0.0054   0.0022   -0.0020   -0.0015   -0.0008   -0.0002   0.0003   1.0000   
1.0000   1.0000   1.0000   1.0000   1.0000   1.0000   1.0000   1.0000   0.0000   
solved coeffs matrix is 
-0.0002   
0.0059   
-0.0066   
0.0097   
-0.0270   
-0.0266   
0.0906   
0.9542   
-0.0000   
fockArr[0] is 
-0.5919   -0.3543   
-0.3543   -0.6410   
fockArr[1] is 
-1.2287   -1.0827   
-1.0827   -0.9520   
fockArr[2] is 
-0.4293   -0.3924   
-0.3924   -0.8530   
fockArr[3] is 
-0.8066   -0.6773   
-0.6773   -0.8510   
fockArr[4] is 
-0.7479   -0.6359   
-0.6359   -0.8545   
fockArr[5] is 
-0.7297   -0.5598   
-0.5598   -0.7731   
fockArr[6] is 
-0.5411   -0.8323   
-0.8323   -1.3200   
fockArr[7] is 
-0.6280   -0.6454   
-0.6454   -0.9835   
F after DIIS
-0.6207   -0.6695   
-0.6695   -1.0225   


iters = 17
doing uhf
maxDiagElt of B = 1.435697
bIndex for upB = 1
errNorm = 0.026101344
current Fock matrix: 
-0.8309   -0.4969   
-0.4969   -0.5880   
current density matrix: 
0.8937   0.0757   
0.0757   0.0064   
current error matrix: 
-0.0518   0.0624   
-0.1377   0.0235   
new B = 
0.0066   0.0131   -0.0250   0.0078   0.0030   0.0196   -0.0174   -0.0280   1.0000   
0.0131   0.0261   -0.0498   0.0156   0.0061   0.0389   -0.0345   -0.0558   1.0000   
-0.0250   -0.0498   0.0950   -0.0297   -0.0116   -0.0742   0.0659   0.1064   1.0000   
0.0078   0.0156   -0.0297   0.0093   0.0036   0.0232   -0.0206   -0.0333   1.0000   
0.0030   0.0061   -0.0116   0.0036   0.0014   0.0090   -0.0080   -0.0129   1.0000   
0.0196   0.0389   -0.0742   0.0232   0.0090   0.0580   -0.0515   -0.0831   1.0000   
-0.0174   -0.0345   0.0659   -0.0206   -0.0080   -0.0515   0.0457   0.0738   1.0000   
-0.0280   -0.0558   0.1064   -0.0333   -0.0129   -0.0831   0.0738   0.1192   1.0000   
1.0000   1.0000   1.0000   1.0000   1.0000   1.0000   1.0000   1.0000   0.0000   
solved coeffs matrix is 
1.5945   
-0.6219   
0.1486   
-0.0154   
-0.2669   
0.1379   
0.0234   
-0.0002   
0.0000   
fockArr[0] is 
-0.6374   -0.3543   
-0.3543   -0.5956   
fockArr[1] is 
-0.8309   -0.4969   
-0.4969   -0.5880   
fockArr[2] is 
-0.4694   -0.3914   
-0.3914   -0.8125   
fockArr[3] is 
-1.0298   -0.6840   
-0.6840   -0.6308   
fockArr[4] is 
-0.9838   -0.6400   
-0.6400   -0.6204   
fockArr[5] is 
-0.9418   -0.5633   
-0.5633   -0.5626   
fockArr[6] is 
-1.3933   -0.9217   
-0.9217   -0.5842   
fockArr[7] is 
-0.8650   -0.6416   
-0.6416   -0.7446   
F after DIIS
-0.4532   -0.2318   
-0.2318   -0.6205   


maxDiagElt of B = 1.468273
bIndex for upB = 1
errNorm = 0.002139370
current Fock matrix: 
-0.6358   -0.4962   
-0.4962   -0.7828   
current density matrix: 
0.0001   -0.0117   
-0.0117   1.0153   
current error matrix: 
0.0148   -0.0179   
0.0394   -0.0067   
new B = 
0.0079   0.0041   0.0437   -0.0390   -0.0300   -0.0164   -0.0035   0.0004   1.0000   
0.0041   0.0021   0.0227   -0.0203   -0.0156   -0.0085   -0.0018   0.0002   1.0000   
0.0437   0.0227   0.2412   -0.2156   -0.1656   -0.0905   -0.0195   0.0022   1.0000   
-0.0390   -0.0203   -0.2156   0.1927   0.1480   0.0809   0.0175   -0.0020   1.0000   
-0.0300   -0.0156   -0.1656   0.1480   0.1137   0.0622   0.0134   -0.0015   1.0000   
-0.0164   -0.0085   -0.0905   0.0809   0.0622   0.0340   0.0073   -0.0008   1.0000   
-0.0035   -0.0018   -0.0195   0.0175   0.0134   0.0073   0.0016   -0.0002   1.0000   
1.0000   0.0002   0.0022   -0.0020   -0.0015   -0.0008   -0.0002   0.0003   1.0000   
1.0000   1.0000   1.0000   1.0000   1.0000   1.0000   1.0000   1.0000   0.0000   
solved coeffs matrix is 
0.0000   
0.0000   
0.0000   
0.0000   
0.0000   
0.0000   
0.0000   
0.0000   
1.0000   
fockArr[0] is 
-0.5919   -0.3543   
-0.3543   -0.6410   
fockArr[1] is 
-0.6358   -0.4962   
-0.4962   -0.7828   
fockArr[2] is 
-0.4293   -0.3924   
-0.3924   -0.8530   
fockArr[3] is 
-0.8066   -0.6773   
-0.6773   -0.8510   
fockArr[4] is 
-0.7479   -0.6359   
-0.6359   -0.8545   
fockArr[5] is 
-0.7297   -0.5598   
-0.5598   -0.7731   
fockArr[6] is 
-0.5411   -0.8323   
-0.8323   -1.3200   
fockArr[7] is 
-0.6280   -0.6454   
-0.6454   -0.9835   
F after DIIS
0.0000   0.0000   
0.0000   0.0000   


iters = 18
doing uhf
maxDiagElt of B = 0.119236
bIndex for upB = 7
errNorm = 0.309787295
current Fock matrix: 
-1.3167   -1.3002   
-1.3002   -1.1508   
current density matrix: 
1.0987   -1.3696   
-1.3696   1.7073   
current error matrix: 
-0.1786   0.2150   
-0.4745   0.0809   
new B = 
0.0066   0.0131   -0.0250   0.0078   0.0030   0.0196   -0.0174   0.0452   1.0000   
0.0131   0.0261   -0.0498   0.0156   0.0061   0.0389   -0.0345   0.0899   1.0000   
-0.0250   -0.0498   0.0950   -0.0297   -0.0116   -0.0742   0.0659   -0.1716   1.0000   
0.0078   0.0156   -0.0297   0.0093   0.0036   0.0232   -0.0206   0.0536   1.0000   
0.0030   0.0061   -0.0116   0.0036   0.0014   0.0090   -0.0080   0.0209   1.0000   
0.0196   0.0389   -0.0742   0.0232   0.0090   0.0580   -0.0515   0.1340   1.0000   
-0.0174   -0.0345   0.0659   -0.0206   -0.0080   -0.0515   0.0457   -0.1190   1.0000   
0.0452   0.0899   -0.1716   0.0536   0.0209   0.1340   -0.1190   0.3098   1.0000   
1.0000   1.0000   1.0000   1.0000   1.0000   1.0000   1.0000   1.0000   0.0000   
solved coeffs matrix is 
1.6751   
0.6095   
0.3204   
1.0122   
-1.2667   
-0.9157   
-0.3592   
-0.0756   
0.0000   
fockArr[0] is 
-0.6374   -0.3543   
-0.3543   -0.5956   
fockArr[1] is 
-0.8309   -0.4969   
-0.4969   -0.5880   
fockArr[2] is 
-0.4694   -0.3914   
-0.3914   -0.8125   
fockArr[3] is 
-1.0298   -0.6840   
-0.6840   -0.6308   
fockArr[4] is 
-0.9838   -0.6400   
-0.6400   -0.6204   
fockArr[5] is 
-0.9418   -0.5633   
-0.5633   -0.5626   
fockArr[6] is 
-1.3933   -0.9217   
-0.9217   -0.5842   
fockArr[7] is 
-1.3167   -1.3002   
-1.3002   -1.1508   
F after DIIS
-0.0583   0.0417   
0.0417   -0.6569   


maxDiagElt of B = 0.241219
bIndex for upB = 2
errNorm = 0.132162001
current Fock matrix: 
-1.3789   -1.2994   
-1.2994   -1.0882   
current density matrix: 
1.4676   -1.4676   
-1.4676   1.4676   
current error matrix: 
0.1166   -0.1404   
0.3099   -0.0528   
new B = 
0.0079   0.0041   0.0323   -0.0390   -0.0300   -0.0164   -0.0035   0.0004   1.0000   
0.0041   0.0021   0.0168   -0.0203   -0.0156   -0.0085   -0.0018   0.0002   1.0000   
0.0323   0.0168   0.1322   -0.1596   -0.1226   -0.0670   -0.0145   0.0016   1.0000   
-0.0390   -0.0203   -0.1596   0.1927   0.1480   0.0809   0.0175   -0.0020   1.0000   
-0.0300   -0.0156   -0.1226   0.1480   0.1137   0.0622   0.0134   -0.0015   1.0000   
-0.0164   -0.0085   -0.0670   0.0809   0.0622   0.0340   0.0073   -0.0008   1.0000   
-0.0035   -0.0018   -0.0145   0.0175   0.0134   0.0073   0.0016   -0.0002   1.0000   
1.0000   0.0002   0.0016   -0.0020   -0.0015   -0.0008   -0.0002   0.0003   1.0000   
1.0000   1.0000   1.0000   1.0000   1.0000   1.0000   1.0000   1.0000   0.0000   
solved coeffs matrix is 
-0.0002   
-0.1094   
0.0117   
0.0088   
-0.0135   
-0.0305   
0.2386   
0.8946   
0.0000   
fockArr[0] is 
-0.5919   -0.3543   
-0.3543   -0.6410   
fockArr[1] is 
-0.6358   -0.4962   
-0.4962   -0.7828   
fockArr[2] is 
-1.3789   -1.2994   
-1.2994   -1.0882   
fockArr[3] is 
-0.8066   -0.6773   
-0.6773   -0.8510   
fockArr[4] is 
-0.7479   -0.6359   
-0.6359   -0.8545   
fockArr[5] is 
-0.7297   -0.5598   
-0.5598   -0.7731   
fockArr[6] is 
-0.5411   -0.8323   
-0.8323   -1.3200   
fockArr[7] is 
-0.6280   -0.6454   
-0.6454   -0.9835   
F after DIIS
-0.6120   -0.7171   
-0.7171   -1.0940   


iters = 19
doing uhf
maxDiagElt of B = 0.309787
bIndex for upB = 7
errNorm = 0.038559485
current Fock matrix: 
-1.3066   -0.8631   
-0.8631   -0.5951   
current density matrix: 
0.9186   -1.2702   
-1.2702   1.7563   
current error matrix: 
0.0630   -0.0759   
0.1674   -0.0285   
new B = 
0.0066   0.0131   -0.0250   0.0078   0.0030   0.0196   -0.0174   -0.0159   1.0000   
0.0131   0.0261   -0.0498   0.0156   0.0061   0.0389   -0.0345   -0.0317   1.0000   
-0.0250   -0.0498   0.0950   -0.0297   -0.0116   -0.0742   0.0659   0.0605   1.0000   
0.0078   0.0156   -0.0297   0.0093   0.0036   0.0232   -0.0206   -0.0189   1.0000   
0.0030   0.0061   -0.0116   0.0036   0.0014   0.0090   -0.0080   -0.0074   1.0000   
0.0196   0.0389   -0.0742   0.0232   0.0090   0.0580   -0.0515   -0.0473   1.0000   
-0.0174   -0.0345   0.0659   -0.0206   -0.0080   -0.0515   0.0457   0.0420   1.0000   
-0.0159   -0.0317   0.0605   -0.0189   -0.0074   -0.0473   0.0420   0.0386   1.0000   
1.0000   1.0000   1.0000   1.0000   1.0000   1.0000   1.0000   1.0000   0.0000   
solved coeffs matrix is 
-1.8467   
3.6125   
0.2792   
-0.0389   
-0.3021   
-1.0958   
-0.4720   
0.8637   
-0.0000   
fockArr[0] is 
-0.6374   -0.3543   
-0.3543   -0.5956   
fockArr[1] is 
-0.8309   -0.4969   
-0.4969   -0.5880   
fockArr[2] is 
-0.4694   -0.3914   
-0.3914   -0.8125   
fockArr[3] is 
-1.0298   -0.6840   
-0.6840   -0.6308   
fockArr[4] is 
-0.9838   -0.6400   
-0.6400   -0.6204   
fockArr[5] is 
-0.9418   -0.5633   
-0.5633   -0.5626   
fockArr[6] is 
-1.3933   -0.9217   
-0.9217   -0.5842   
fockArr[7] is 
-1.3066   -0.8631   
-0.8631   -0.5951   
F after DIIS
-1.0572   -0.7234   
-0.7234   -0.6610   


maxDiagElt of B = 0.192698
bIndex for upB = 3
errNorm = 1.367531202
current Fock matrix: 
-1.2912   -0.8737   
-0.8737   -0.6153   
current density matrix: 
0.0001   -0.0088   
-0.0088   1.0115   
current error matrix: 
-0.3752   0.4517   
-0.9969   0.1700   
new B = 
0.0079   0.0041   0.0323   -0.1040   -0.0300   -0.0164   -0.0035   0.0004   1.0000   
0.0041   0.0021   0.0168   -0.0541   -0.0156   -0.0085   -0.0018   0.0002   1.0000   
0.0323   0.0168   0.1322   -0.4251   -0.1226   -0.0670   -0.0145   0.0016   1.0000   
-0.1040   -0.0541   -0.4251   1.3675   0.3944   0.2155   0.0465   -0.0052   1.0000   
-0.0300   -0.0156   -0.1226   0.3944   0.1137   0.0622   0.0134   -0.0015   1.0000   
